[gd_scene load_steps=22 format=3 uid="uid://dchvj4wpkwjmb"]

[ext_resource type="PackedScene" uid="uid://qk8bcbyt004v" path="res://item_models/fork.tscn" id="1_nqhr1"]
[ext_resource type="Script" uid="uid://wl6br4juib6b" path="res://screenshotter.gd" id="1_ujgu1"]
[ext_resource type="PackedScene" uid="uid://tlg61rmch77f" path="res://item_models/spoon.tscn" id="2_xo1tx"]
[ext_resource type="PackedScene" uid="uid://dkc66j2ngb5oi" path="res://item_models/spork.tscn" id="4_4hex6"]
[ext_resource type="PackedScene" uid="uid://bpx5ivovmpo1e" path="res://item_models/chainsaw.tscn" id="5_djx17"]
[ext_resource type="PackedScene" uid="uid://d2dlucwjoi8ss" path="res://item_models/knife.tscn" id="6_sxedo"]
[ext_resource type="PackedScene" uid="uid://bin4f84hjgi1n" path="res://item_models/gooberman_doll.tscn" id="7_hib2c"]
[ext_resource type="PackedScene" uid="uid://bb01dujp1xdsp" path="res://item_models/lizard.tscn" id="8_rwx8p"]
[ext_resource type="PackedScene" uid="uid://dcgisiakkybcb" path="res://item_models/cool_hat.tscn" id="9_lrkj1"]
[ext_resource type="PackedScene" uid="uid://drgq0ylox5i5t" path="res://item_models/crazy_floopy_boy.tscn" id="9_mrwgb"]
[ext_resource type="PackedScene" uid="uid://bb4on0a7u5nq1" path="res://item_models/chain.tscn" id="11_iblgk"]
[ext_resource type="PackedScene" uid="uid://ctebk6ls2hct0" path="res://item_models/saw.tscn" id="12_e8b65"]
[ext_resource type="PackedScene" uid="uid://bm2t271qk1qaa" path="res://item_models/yarn.tscn" id="13_0vwwa"]
[ext_resource type="PackedScene" uid="uid://byb37lw1osec2" path="res://item_models/green_snot.tscn" id="13_e8b65"]
[ext_resource type="PackedScene" uid="uid://xrvjnbxpwixq" path="res://item_models/milk.tscn" id="15_4nmg1"]
[ext_resource type="PackedScene" uid="uid://d4jl2f5vuxaiq" path="res://item_models/coffee.tscn" id="16_c4l5r"]
[ext_resource type="PackedScene" uid="uid://dww3dlqdv6krn" path="res://item_models/coffee_beans.tscn" id="17_fmejw"]
[ext_resource type="PackedScene" uid="uid://cuppsok1f3ag3" path="res://item_models/water_bottle.tscn" id="18_fmejw"]
[ext_resource type="PackedScene" uid="uid://dldsx06k41le0" path="res://item_models/veggies.tscn" id="19_3rmwd"]
[ext_resource type="PackedScene" uid="uid://k82g3xqf7ueq" path="res://item_models/soup.tscn" id="20_s2i3u"]

[sub_resource type="Environment" id="Environment_nqhr1"]

[node name="Screenshotter" type="Node3D"]
script = ExtResource("1_ujgu1")

[node name="Camera3D" type="Camera3D" parent="."]

[node name="Objects" type="Node3D" parent="."]

[node name="Spoon" parent="Objects" instance=ExtResource("2_xo1tx")]
transform = Transform3D(0.9417112, -0.13519016, 0.30806437, 0.30121776, -0.06898809, -0.95105654, 0.14982626, 0.988415, -0.02424518, 0, 0, -0.388)
visible = false

[node name="Fork" parent="Objects" instance=ExtResource("1_nqhr1")]
transform = Transform3D(0.32114717, -0.07783946, 0.94382495, 0.94357574, 0.11133339, -0.31188044, -0.080802746, 0.99073, 0.10920174, 0, 0.05231899, -0.543)
visible = false

[node name="Spork" parent="Objects" instance=ExtResource("4_4hex6")]
transform = Transform3D(0.9786377, 0.15645298, -0.1333823, -0.11824152, -0.10242402, -0.98768836, -0.16818833, 0.9823603, -0.08173676, 0, -0.055, -0.38)
visible = false

[node name="Chainsaw" parent="Objects" instance=ExtResource("5_djx17")]
transform = Transform3D(-0.70496845, 0.063659534, 0.7063761, -0.012025636, 0.99474794, -0.10164967, -0.70913684, -0.080154404, -0.70050025, 0.642, -0.195, -1.705)
visible = false

[node name="Knife" parent="Objects" instance=ExtResource("6_sxedo")]
transform = Transform3D(0.97237366, 0.21115944, -0.099504545, -0.07077637, -0.13950786, -0.98768836, -0.22244138, 0.9674448, -0.12070866, 0, -0.04, -0.409)
visible = false

[node name="GoobermanDoll" parent="Objects" instance=ExtResource("7_hib2c")]
transform = Transform3D(-0.7992764, 0.12516335, 0.5877852, 0.1547104, 0.98795986, 0, -0.58070815, 0.09093648, -0.80901706, 0, -0.215, -0.574)
visible = false

[node name="Skeleton3D" parent="Objects/GoobermanDoll/Sketchfab_Scene/Sketchfab_model/2ce7987a214b4883bb8e7569b319674f_fbx/Object_2/RootNode/Mr_Bogey_rigged/Object_5" index="0"]
bones/1/position = Vector3(2.6481537e-34, 0.2620309, -0.004693106)
bones/2/rotation = Quaternion(0.00017921152, 0.0014921229, -0.1405025, 0.9900793)
bones/4/rotation = Quaternion(-0.05855453, 0.014470037, -0.53328985, 0.8437797)
bones/5/rotation = Quaternion(-0.0131760035, 0.030478878, -0.16856493, 0.98513114)
bones/9/position = Vector3(0.6264936, 0.55723214, 1.1402182e-05)
bones/10/rotation = Quaternion(0, 2.3283078e-10, 0.79038614, 0.612609)
bones/13/position = Vector3(-0.062116116, 0.091554314, 0.16408792)
bones/14/rotation = Quaternion(9.481434e-20, -1.0713493e-19, 0.64298284, 0.76588064)
bones/14/scale = Vector3(1.4539638, 1, 1)
bones/15/scale = Vector3(0.6880499, 1, 1)
bones/17/position = Vector3(-0.045699432, 0.21115611, -0.13432139)
bones/18/rotation = Quaternion(9.1281436e-20, -1.0470406e-19, 0.6429829, 0.7658805)
bones/18/scale = Vector3(1.0416939, 1, 1)
bones/19/scale = Vector3(0.96092933, 1, 1)
bones/21/position = Vector3(0.9304249, -0.12755197, 0.5986764)
bones/22/rotation = Quaternion(0.24333905, -0.14629942, 0.7386672, 0.61135375)
bones/25/position = Vector3(0.92777354, -0.12711677, -0.5942902)
bones/26/rotation = Quaternion(-0.24927925, 0.29791853, 0.6838198, 0.61765283)
bones/29/scale = Vector3(0.9480896, 1, 1.030488)
bones/30/scale = Vector3(1.0547764, 1, 0.9704594)
bones/32/position = Vector3(-0.23486264, -0.554822, 6.102647e-09)
bones/32/rotation = Quaternion(-5.8213838e-33, -2.0596721e-32, -0.67096084, 0.7414928)
bones/32/scale = Vector3(0.7750392, 1.1053009, 1.0975293)
bones/33/position = Vector3(0.9329999, 0.08244918, -0.0022059195)
bones/33/scale = Vector3(1.2910243, 0.9047863, 0.91118586)
bones/34/rotation = Quaternion(-0.024676353, 0.037119333, -0.40352267, 0.9138834)
bones/34/scale = Vector3(0.7103529, 1.9943687, 1.2083292)
bones/35/scale = Vector3(1.4079504, 0.5014445, 0.8277454)

[node name="L_Snot_JT_08" parent="Objects/GoobermanDoll/Sketchfab_Scene/Sketchfab_model/2ce7987a214b4883bb8e7569b319674f_fbx/Object_2/RootNode/Mr_Bogey_rigged/Object_5/Skeleton3D" index="0"]
transform = Transform3D(-0.004363168, 0.0001701254, -0.99999547, -1.453835, -0.012935832, 0.0029984207, -0.018807426, 0.9999162, 0.00020890021, -0.16334364, 0.9793651, -1.8405964)

[node name="R_Snot_JT_010" parent="Objects/GoobermanDoll/Sketchfab_Scene/Sketchfab_model/2ce7987a214b4883bb8e7569b319674f_fbx/Object_2/RootNode/Mr_Bogey_rigged/Object_5/Skeleton3D" index="1"]
transform = Transform3D(-0.0031259966, 0.00017012598, -0.99999547, -1.0416018, -0.012935653, 0.0029984207, -0.01347442, 0.9999162, 0.00020890021, 0.13470307, 0.85778445, -1.8376797)

[node name="Mr_Bogey_CTR" parent="Objects/GoobermanDoll/Sketchfab_Scene/Sketchfab_model/2ce7987a214b4883bb8e7569b319674f_fbx/Object_2/RootNode/Mr_Bogey_rigged/Object_5" index="5"]
transform = Transform3D(1, 0, 0, 0, 0.99992216, 0.01247878, 0, -0.01247878, 0.99992216, 0, 0.0015898815, 0.06297952)

[node name="F_Torso_CTR2" parent="Objects/GoobermanDoll/Sketchfab_Scene/Sketchfab_model/2ce7987a214b4883bb8e7569b319674f_fbx/Object_2/RootNode/Mr_Bogey_rigged/Object_5/Mr_Bogey_CTR/F_Torso_CTR" index="0"]
transform = Transform3D(0.9480896, 0, -1.5904756e-33, 0, 1, -3.0960502e-32, 1.4633005e-33, 3.0044507e-32, 1.0304879, 5.551115e-17, 0.16947864, -0.28550312)

[node name="B_Torso_01_CTR2" parent="Objects/GoobermanDoll/Sketchfab_Scene/Sketchfab_model/2ce7987a214b4883bb8e7569b319674f_fbx/Object_2/RootNode/Mr_Bogey_rigged/Object_5/Mr_Bogey_CTR/B_Torso_01_CTR" index="0"]
transform = Transform3D(0.7609625, -0.20970173, 7.051799e-32, 0.14704329, 1.0852258, 3.7611485e-33, -4.9396947e-32, 9.754681e-33, 1.0975293, 0.10925375, 0.1210004, 0.41492978)

[node name="B_Torso_02_CTR2" parent="Objects/GoobermanDoll/Sketchfab_Scene/Sketchfab_model/2ce7987a214b4883bb8e7569b319674f_fbx/Object_2/RootNode/Mr_Bogey_rigged/Object_5/Mr_Bogey_CTR/B_Torso_01_CTR/B_Torso_01_CTR2/B_Torso_02_CTR" index="0"]
transform = Transform3D(0.6392278, 1.097842, 0.091039926, -0.36400032, 1.9455878, 0.041285552, -0.039219145, -0.16378413, 1.100669, -0.006528, 0.061194282, 1.9721523e-32)

[node name="Head_CTR2" parent="Objects/GoobermanDoll/Sketchfab_Scene/Sketchfab_model/2ce7987a214b4883bb8e7569b319674f_fbx/Object_2/RootNode/Mr_Bogey_rigged/Object_5/Mr_Bogey_CTR/Head_CTR" index="0"]
transform = Transform3D(0.99298346, 0.11821454, 0.002986126, -0.118214004, 0.99298793, -0.0003555937, -0.0030072234, 9.668291e-08, 0.99999547, -2.1094237e-15, 0.6037996, -0.12620506)

[node name="Nose_CTR2" parent="Objects/GoobermanDoll/Sketchfab_Scene/Sketchfab_model/2ce7987a214b4883bb8e7569b319674f_fbx/Object_2/RootNode/Mr_Bogey_rigged/Object_5/Mr_Bogey_CTR/Head_CTR/Head_CTR2/Nose_CTR" index="0"]
transform = Transform3D(0.98608583, 0.16623653, 9.95738e-20, -0.16623652, 0.9860859, 5.906403e-19, -2.319983e-24, -5.9897487e-19, 1, -2.3314684e-15, -4.575398e-08, -2.4179325e-08)

[node name="R_Snot_CTR2" parent="Objects/GoobermanDoll/Sketchfab_Scene/Sketchfab_model/2ce7987a214b4883bb8e7569b319674f_fbx/Object_2/RootNode/Mr_Bogey_rigged/Object_5/Mr_Bogey_CTR/Head_CTR/Head_CTR2/Nose_CTR/Nose_CTR2/NoseEnd_LOC/R_Snot_CTR" index="0"]
transform = Transform3D(0.9999135, -0.28037056, -5.998839e-19, 0.29206032, 0.95989186, -1.2374764e-19, 6.359738e-19, -4.940543e-20, 1, -0.041122332, -0.015340347, -5.015993e-08)

[node name="L_Snot_CTR2" parent="Objects/GoobermanDoll/Sketchfab_Scene/Sketchfab_model/2ce7987a214b4883bb8e7569b319674f_fbx/Object_2/RootNode/Mr_Bogey_rigged/Object_5/Mr_Bogey_CTR/Head_CTR/Head_CTR2/Nose_CTR/Nose_CTR2/NoseEnd_LOC/L_Snot_CTR" index="0"]
transform = Transform3D(1.395648, -0.28037056, 6.8574785e-20, 0.40764862, 0.95989186, 9.952048e-20, -1.3627564e-19, -7.6302545e-20, 1, -0.14113596, -0.04611272, -5.015993e-08)

[node name="R_Eye_CTR2" parent="Objects/GoobermanDoll/Sketchfab_Scene/Sketchfab_model/2ce7987a214b4883bb8e7569b319674f_fbx/Object_2/RootNode/Mr_Bogey_rigged/Object_5/Mr_Bogey_CTR/Head_CTR/Head_CTR2/R_Eye_CTR" index="0"]
transform = Transform3D(0.9603245, -0.1357882, 0.24359466, 0.14130431, 0.9899523, -0.0052306484, -0.24043685, 0.0394441, 0.969863, 1.3183484e-08, -5.8153397e-08, -1.035684e-09)

[node name="L_Eye_CTR2" parent="Objects/GoobermanDoll/Sketchfab_Scene/Sketchfab_model/2ce7987a214b4883bb8e7569b319674f_fbx/Object_2/RootNode/Mr_Bogey_rigged/Object_5/Mr_Bogey_CTR/Head_CTR/Head_CTR2/L_Eye_CTR" index="0"]
transform = Transform3D(0.98600423, -0.16665018, 0.004840129, 0.16426358, 0.9660989, -0.19917424, 0.028516378, 0.19718169, 0.9799521, 2.9624942e-08, 4.386902e-08, -1.3517394e-09)

[node name="Scarf_01_CTR" parent="Objects/GoobermanDoll/Sketchfab_Scene/Sketchfab_model/2ce7987a214b4883bb8e7569b319674f_fbx/Object_2/RootNode/Mr_Bogey_rigged/Object_5/Mr_Bogey_CTR" index="4"]
transform = Transform3D(0.98453695, 0.09655225, -0.14616562, -0.065689266, 0.97699314, 0.2029024, 0.1623935, -0.19016345, 0.96822834, -0.65947753, 0.5848511, 0.3510103)

[node name="Scarf_02_CTR" parent="Objects/GoobermanDoll/Sketchfab_Scene/Sketchfab_model/2ce7987a214b4883bb8e7569b319674f_fbx/Object_2/RootNode/Mr_Bogey_rigged/Object_5/Mr_Bogey_CTR/Scarf_01_CTR" index="1"]
transform = Transform3D(0.93264, 0.14751182, -0.32927614, -0.12786488, 0.98850495, 0.0806747, 0.3373916, -0.033137597, 0.9407808, 0.06193143, 0.09521282, 0.64534426)

[node name="Lizard" parent="Objects" instance=ExtResource("8_rwx8p")]
transform = Transform3D(0.809017, -0.09194988, -0.58054864, 0, 0.98768836, -0.15643448, 0.58778524, 0.12655815, 0.79905665, 0.105, 0, -0.879)
visible = false

[node name="Coolhat" parent="Objects" instance=ExtResource("9_lrkj1")]
transform = Transform3D(0.72359806, 0.2337158, -0.64944804, -0.30735663, 0.9515944, 0, 0.6180111, 0.19961216, 0.76040596, 0, 0, -0.97)
visible = false

[node name="CrazyFloopyBoy" parent="Objects" instance=ExtResource("9_mrwgb")]
transform = Transform3D(0.81373733, -0.028191686, -0.58054864, -0.07749314, 0.98464364, -0.15643448, 0.5760436, 0.17228511, 0.79905665, 0.105, 0, -0.879)
visible = false

[node name="Chain" parent="Objects" instance=ExtResource("11_iblgk")]
transform = Transform3D(-0.08608277, 0.98392993, 0.15643437, 0.9961947, 0.087155804, 0, -0.013634164, 0.1558391, -0.98768836, 0, 0.085, -1.164)
visible = false

[node name="Saw" parent="Objects" instance=ExtResource("12_e8b65")]
transform = Transform3D(-0.5513334, 0.09303285, 0.82908165, -0.82320076, -0.22211646, -0.52249855, 0.13554314, -0.9705716, 0.19904494, -0.285, 0.115, -1.866)
visible = false

[node name="Yarn" parent="Objects" instance=ExtResource("13_0vwwa")]
transform = Transform3D(0.599674, -0.256385, 0.7580619, 0.30640915, 0.9486609, 0.0784591, -0.7392595, 0.1852272, 0.647446, 0.09, -0.272, -0.749)
visible = false

[node name="GreenSnot" parent="Objects" instance=ExtResource("13_e8b65")]
transform = Transform3D(0.85264015, -0.08173679, -0.5160657, 0, 0.98768836, -0.15643448, 0.52249855, 0.13338232, 0.84214276, 0, -0.24, -0.735)
visible = false

[node name="Milk" parent="Objects" instance=ExtResource("15_4nmg1")]
transform = Transform3D(0.76040596, 0.028328525, -0.64882994, 0, 0.99904823, 0.043619387, 0.64944804, -0.033168443, 0.75968224, 0.016, -0.559, -1.197)
visible = false

[node name="Coffee" parent="Objects" instance=ExtResource("16_c4l5r")]
transform = Transform3D(0.9969173, 0.0784591, 0, -0.05095511, 0.647446, -0.76040596, -0.059660766, 0.7580619, 0.64944804, 0, -0.111, -0.841)
visible = false

[node name="CoffeeBeans" parent="Objects" instance=ExtResource("17_fmejw")]
transform = Transform3D(0.8910065, 0.035619687, -0.452591, 0, 0.9969173, 0.0784591, 0.45399052, -0.06990757, 0.8882598, -0.075, -0.413, -0.8582189)
visible = false

[node name="WaterBottle" parent="Objects" instance=ExtResource("18_fmejw")]
transform = Transform3D(0.9688724, 0.08440952, -0.23272574, -0.067805625, 0.99460876, 0.0784591, 0.23809376, -0.060236745, 0.9693724, 0, -0.565, -0.966)
visible = false

[node name="Veggies" parent="Objects" instance=ExtResource("19_3rmwd")]
transform = Transform3D(0.98795986, 0.1547104, 0, -0.13191229, 0.84237427, -0.52249855, -0.08083596, 0.5162076, 0.85264015, 0.005, -0.462, -1.376)
visible = false

[node name="Soup" parent="Objects" instance=ExtResource("20_s2i3u")]
transform = Transform3D(1, 0, 0, 0, 0.9723699, -0.23344538, 0, 0.23344538, 0.9723699, 0, -0.425, -0.89)
visible = false

[node name="DirectionalLight3D" type="DirectionalLight3D" parent="."]
transform = Transform3D(1, 0, 0, 0, 1, 0, 0, 0, 1, 0, 1.4167392, 0)

[node name="WorldEnvironment" type="WorldEnvironment" parent="."]
environment = SubResource("Environment_nqhr1")

[editable path="Objects/GoobermanDoll"]
